15.6928607594189 12.1427912319278
10.9991294119969 1.60093004307753
16.3741478695879 11.8410964661004
12.9138100205054 1.32100950219715
15.136356189212 8.18740223706113
3.39396700397784 1.59944766811069
7.55233540714362 3.22665859885824
12.1105053106372 2.50804957840967
10.7823031890589 7.86398025199956
15.464828826005 9.7431778876312
12.3093652854717 5.82134210566121
12.3517753760571 4.67409906730712
12.954745551783 1.96797391840628
14.0494235370073 11.0355009634679
16.0788278279727 15.6569078635224
16.4166731461495 0.761493787291224
10.8151400286309 7.87923579261603
12.8453971726566 5.4911750354763
13.1727237983945 7.19341897531106
11.3838170817512 5.7208778658979
12.6699477043794 5.56258295712181
12.5921404492539 8.81236187010648
13.4674936816876 7.24909025744958
6.53888336850278 3.06999459982384
14.7292549974421 12.1830546612307
12.8281966356226 4.98346679866475
12.0890700275028 10.6608417379488
6.82144912626662 5.98046176390744
11.5187616921117 5.74915466702038
15.3863509143173 9.53115549359059
5.83864690612007 3.77158596518989
15.5575283612393 13.756902156983
7.92590844976991 3.47729385782839
13.2371953785127 10.2202118754947
14.2354835633819 6.1626524057531
15.4377815122426 4.08888421374787
12.9801631702483 4.5223000217333
16.1394175810923 10.4022458688832
12.3617371972006 9.72920165640731
5.60268511860756 5.00048023671865
10.3847509519592 4.99661759496509
15.8201685395651 3.9738532022917
11.595361029308 4.4332971516686
12.2901657651133 6.25583140820071
15.1697259092097 5.33467826472348
7.92356913137416 1.82663548054483
14.1622634817205 12.4974661674339
16.3822309597778 2.29099699193192
15.4130455473964 13.5346120880147
4.2717963996212 1.38645342033657
6.33279922131114 3.74728180619296
9.06660259168902 8.80339980512084
13.245273148988 1.39458258491689
16.3480334653743 6.63854171621545
6.34104418281514 2.18682415861954
15.6570244949111 13.5922474698593
5.03067525687193 0.646469548412817
5.50159996235818 1.34202931115498
10.2830489546913 4.45141742562475
4.46216733193126 3.99261129810131
14.4300461103814 13.7214624496277
15.5657576541723 8.40251711378923
8.01421238086848 4.83601692520828
6.42662073202739 0.982697002814476
8.61124887695128 4.64006906195547
12.6945895683926 1.22637203369586
11.4752837768641 1.83088871898637
4.55195173064803 1.7531984305257
12.6932177898442 7.25356594787611
10.7007784443911 7.22858005330366
16.1172896919853 4.58526368629432
15.4936340819083 10.6033416064937
2.66961098563374 2.07747843935037
9.63158822484854 7.77709958296134
15.5402016486228 7.49586620507569
14.3395795663072 5.62999659270514
13.8938421222353 9.5724447560834
7.05033394999352 5.81723569581156
14.4302821075219 9.73764215094859
5.73106076811955 4.73058566648075
15.8653364625598 11.4679618528895
10.0755752816683 2.49847265425998
5.61467214911928 1.39765790146666
15.3155808294265 4.68174071804701
3.77747682634624 1.44964823171014
13.6978514777486 5.14881152131074
10.2613888875402 3.55446890138763
15.907347611807 14.1041727576424
9.40888303188089 4.32670450388766
13.9882792148219 2.66640593957454
13.2950325071789 0.73711279790714
9.98683079773878 5.59986741333262
12.0963754409907 10.7716693106441
14.0814416546288 3.62214481230925
12.4359627347141 11.2805547689928
6.62166962312612 3.45557563889566
3.02298028139536 1.99751928518411
15.7328165915016 5.21992722373452
14.1188170377253 1.02776632482548
10.3789619327891 1.1798205378837
14.4878702675867 8.96151875353489
6.54621797336555 6.3541113985023
10.8913901273121 1.14172808855853
15.8110558685432 2.5755276913175
14.4864945104283 9.4461611923511
5.52139907564102 1.9905311919239
12.2493629361267 2.5641797269062
14.6729293457106 5.49394797021241
13.3986052409274 6.37850566482102
15.8039059710241 10.0182967081286
14.2755130891574 7.1002990634182
7.8415140916321 4.53502606043361
11.327978608584 2.19323588241508
11.1748711963533 2.05694961620353
11.1874203880725 11.0285722960385
16.4853557199172 3.79893817906218
15.5299210990918 13.3084586769382
8.27559404437225 4.67853567198782
7.44092110867655 3.94061282437323
11.2084772860205 10.1299412220856
10.0208477496732 4.31108894376601
16.0949471442005 2.33439357664175
10.9454315427902 1.60027054748511
7.70621270276895 0.958800554489158
13.0035713149717 1.55988724579098
15.3414215589135 1.22021179679791
1.72386035380133 0.860665224660498
7.88757120416852 3.40430744872629
15.0125973068702 4.92649269310129
11.7182393647815 9.19815424489703
6.46685689220524 1.01857807511398
5.28248357250471 3.79907412235582
14.6915930128617 9.46080547243394
15.4409042591885 6.49147797654917
14.3856440549184 13.7183539258402
7.73200823703409 2.93789284044779
6.17396474893855 2.69012795490684
16.4974489584553 10.4644241453914
7.50535191921766 2.70063248379185
13.3960825488419 10.2277080610989
10.9870231796461 10.7160706418641
9.96868505024756 5.55337830123183
15.7651439231192 12.345998829159
15.1692558744313 2.57507782526085
13.2909644678193 10.4041512282119
8.92832380180635 3.84910135127096
8.7223734595917 2.51032304112349
9.50226967455925 4.16308432988035
15.5286053712613 12.7958730218447
12.7538385299285 9.37358810420781
11.6087925709359 8.76530844358043
15.7852173891315 3.07315649957077
12.9035287184657 10.3278790087569
15.0300838418911 12.0498956048628
9.43988330333488 0.863216266205169
2.72586020930943 0.882219284950858
2.11651475802833 1.99053130368261
14.7111310652509 12.2507862503411
11.9651997738821 11.8137985222572
10.1956615493147 7.95307529319687
12.6165151876009 7.82222210211783
5.53675303097663 1.59467958709909
15.3036844352277 10.3692525745692
10.7155193808561 0.679804913783355
7.49517928389608 2.5108804190582
11.4358187741301 11.209478897373
9.82704437958405 1.14224401891336
15.118915490163 2.72171473606569
8.14291414229335 6.2681609121003
16.1408060414907 15.9424701106932
7.02518222039807 1.23506008122818
14.8060396082262 1.46426792487701
12.9087451828684 1.62324114196153
7.31180904377802 7.23184215590909
8.41229807953923 4.29919197587259
14.0370699006771 4.21480684900414
15.6779265548931 5.34279772864785
4.2865704688181 0.637323342327645
3.7285554126038 1.97847691247169
11.5241945735292 5.91596481456233
14.8502789281077 2.68800933760964
10.0390151858046 9.86803698230909
14.5040645292048 6.17274038757791
9.39881582972538 1.47427073911497
12.4894163291852 3.37161581351963
6.19703886178184 4.60787210804777
12.1729924807665 8.51060518250363
9.46060146808652 6.0913329672028
9.51618249389165 4.57248510609962
9.24601143260766 5.18593440423065
8.49187539144972 3.98367722494699
12.8806129379108 10.598582339519
9.95810938321897 7.72101192512597
10.6491178246909 6.3666811687251
11.3323450213449 1.00492067658572
15.4931593234619 6.66443722982166
5.11661146796151 0.852196097537967
13.7544607730836 2.88478115312046
13.4861670345935 5.43800262591709
7.23600479529053 3.46020339567224
